3 0.595267 0.987864 0.14199 0.024272
3 0.594053 0.932039 0.151699 0.064725
3 0.59284 0.86246 0.151699 0.064725
3 0.59284 0.796117 0.151699 0.055016
3 0.589806 0.724919 0.15534 0.055016
7 0.589199 0.671521 0.156553 0.035599
7 0.574636 0.597896 0.125 0.046926
7 0.544903 0.498382 0.055825 0.145631
7 0.594053 0.630259 0.125 0.030744
0 0.037015 0.13835 0.040049 0.18932
0 0.089199 0.139159 0.035194 0.190939
0 0.142597 0.136731 0.040049 0.18932
0 0.195388 0.13835 0.038835 0.199029
0 0.248786 0.135113 0.033981 0.18932
0 0.304612 0.135113 0.033981 0.18932
0 0.362257 0.133495 0.035194 0.18932
