1 0.194175 0.080097 0.162621 0.072816
1 0.188714 0.173139 0.171117 0.067961
0 0.200243 0.271036 0.143204 0.059871
1 0.20085 0.012945 0.146845 0.02589
1 0.57585 0.70712 0.054612 0.23301
1 0.645024 0.710356 0.042476 0.242718
1 0.717233 0.711974 0.046117 0.229773
1 0.790655 0.719256 0.049757 0.234628
1 0.862864 0.719256 0.041262 0.244337
1 0.929612 0.716019 0.046117 0.2411
1 0.991505 0.706311 0.01699 0.260518
0 0.209951 0.349515 0.114078 0.090615
0 0.447209 0.667476 0.061893 0.16343
0 0.515777 0.670712 0.050971 0.156958
2 0.635922 0.302589 0.728155 0.605178
