6 0.1720703125 0.5614583333333334 0.068359375 0.04583333333333339
6 0.153515625 0.7151041666666667 0.10234374999999998 0.04166666666666674
6 0.1759765625 0.21354166666666669 0.08164062499999997 0.04375000000000001
6 0.1630859375 0.6119791666666666 0.08320312499999999 0.039583333333333304
6 0.15488281250000002 0.5130208333333334 0.09804687500000003 0.04375000000000007
6 0.1544921875 0.66328125 0.10664062499999999 0.042187500000000044
6 0.1619140625 0.7622395833333333 0.08554687500000002 0.04427083333333326
6 0.1701171875 0.45833333333333337 0.07773437499999997 0.04166666666666674
6 0.159375 0.4114583333333333 0.09062499999999998 0.04270833333333335
6 0.166015625 0.26171875 0.0859375 0.04218749999999999
6 0.16367187500000002 0.31119791666666663 0.09218750000000003 0.04010416666666661
6 0.16953125000000002 0.36328125 0.07187500000000002 0.047395833333333304
7 0.7884765625 0.56484375 0.087890625 0.05052083333333335
7 0.7955078125 0.26927083333333335 0.095703125 0.041666666666666685
7 0.7919921875 0.31770833333333337 0.099609375 0.039583333333333415
7 0.8068359375 0.41692708333333334 0.1292968750000001 0.047395833333333304
7 0.7841796875 0.7729166666666667 0.095703125 0.04583333333333339
7 0.7982421875000001 0.5161458333333333 0.10898437500000013 0.04166666666666663
7 0.7958984375 0.36328125 0.10976562500000009 0.0390625
7 0.7888671875 0.47005208333333337 0.09335937499999991 0.04427083333333337
7 0.8001953125 0.21770833333333334 0.10820312499999996 0.04999999999999999
7 0.7947265625 0.6666666666666667 0.11210937499999996 0.04791666666666683
7 0.7916015625 0.6208333333333333 0.10429687499999996 0.04270833333333335
7 0.7925781249999999 0.7153645833333333 0.11093749999999991 0.04322916666666665
4 0.38359375 0.07161458333333333 0.02734375 0.12760416666666666
4 0.5718749999999999 0.06458333333333333 0.025781249999999867 0.13749999999999998
4 0.6111328125 0.07317708333333334 0.024609374999999822 0.1203125
4 0.345703125 0.07916666666666666 0.025781249999999978 0.11041666666666666
4 0.645703125 0.08020833333333334 0.02968750000000009 0.11770833333333335
4 0.684375 0.07994791666666667 0.029687499999999867 0.11822916666666669
4 0.310546875 0.078125 0.026562500000000044 0.11875
4 0.5359375 0.07005208333333333 0.022656249999999822 0.10989583333333333
4 0.46015625000000004 0.06953125 0.024218750000000067 0.12135416666666668
4 0.421484375 0.08203125 0.03203125000000007 0.10885416666666667
4 0.2728515625 0.07109375 0.024609374999999933 0.13072916666666667
4 0.498046875 0.08359375 0.028906250000000022 0.09947916666666666
5 0.34296875 0.9028645833333333 0.029687499999999978 0.11927083333333321
5 0.48984375 0.8953125 0.028906250000000022 0.09999999999999987
5 0.380078125 0.91328125 0.029687499999999978 0.13593750000000004
5 0.678515625 0.9151041666666666 0.02734375 0.13541666666666652
5 0.3046875 0.8989583333333333 0.032031249999999956 0.12395833333333317
5 0.417578125 0.9005208333333333 0.02734375 0.11041666666666661
5 0.6412109375 0.9057291666666667 0.032421875000000044 0.1166666666666667
5 0.4548828125 0.9072916666666666 0.026953125000000022 0.12187499999999996
5 0.526953125 0.91328125 0.032031249999999956 0.14218750000000013
5 0.26738281249999996 0.9114583333333334 0.030078124999999956 0.140625
5 0.603125 0.89921875 0.028124999999999956 0.10781249999999987
5 0.5648437500000001 0.9117187499999999 0.028906250000000133 0.1265624999999999
