6 0.1162109375 0.5119791666666667 0.105078125 0.03437499999999993
6 0.127734375 0.6664062500000001 0.08359375000000002 0.025520833333333437
6 0.1169921875 0.359375 0.105078125 0.022916666666666696
6 0.115234375 0.7802083333333333 0.09140625 0.03125
6 0.12578125 0.47343749999999996 0.07656250000000003 0.028124999999999956
6 0.11503906250000001 0.43619791666666663 0.10742187500000003 0.020312499999999956
6 0.129296875 0.5919270833333334 0.08281250000000001 0.025520833333333437
6 0.12460937500000001 0.32135416666666666 0.0921875 0.028124999999999956
6 0.116796875 0.24244791666666665 0.10234374999999998 0.025520833333333326
6 0.11171875 0.7036458333333333 0.10625000000000001 0.033333333333333215
6 0.12109375 0.74375 0.09375 0.03125
6 0.1267578125 0.6276041666666667 0.08789062500000003 0.028125000000000178
6 0.1259765625 0.28020833333333334 0.085546875 0.02604166666666663
6 0.114453125 0.3963541666666667 0.1125 0.029166666666666674
6 0.1130859375 0.5526041666666666 0.119921875 0.029166666666666563
7 0.7810546875 0.43645833333333334 0.080078125 0.02604166666666663
7 0.7875000000000001 0.32343750000000004 0.09140625000000013 0.028125000000000067
7 0.77421875 0.20364583333333333 0.05390624999999982 0.03437499999999999
7 0.781640625 0.6744791666666667 0.08984375 0.025000000000000133
7 0.7755859375 0.6325520833333333 0.07070312500000009 0.022395833333333393
7 0.782421875 0.478125 0.07500000000000018 0.029166666666666674
7 0.77734375 0.7484375 0.07968749999999991 0.023958333333333304
7 0.7767578125000001 0.2817708333333333 0.06679687500000009 0.029166666666666563
7 0.7791015625 0.36171875 0.07929687499999982 0.024479166666666607
7 0.7816406250000001 0.71015625 0.08828125000000009 0.022395833333333393
7 0.7814453125 0.4005208333333333 0.076171875 0.025000000000000022
7 0.7757812500000001 0.5208333333333334 0.05703125000000009 0.023958333333333304
7 0.7787109375000001 0.5921875 0.07382812500000013 0.028124999999999956
7 0.7769531249999999 0.7854166666666667 0.09140624999999991 0.027083333333333348
7 0.7751953125 0.24192708333333335 0.068359375 0.022395833333333337
7 0.7718750000000001 0.5541666666666667 0.06015625000000013 0.019791666666666652
4 0.6138671875 0.044531249999999994 0.017578125 0.12447916666666665
4 0.269921875 0.0640625 0.024218749999999956 0.08958333333333332
4 0.6716796875 0.06380208333333333 0.018359374999999956 0.08281249999999998
4 0.3529296875 0.05651041666666667 0.019921874999999978 0.10052083333333334
4 0.644921875 0.06536458333333334 0.0234375 0.08489583333333334
4 0.496484375 0.05078125 0.022656249999999933 0.11197916666666667
4 0.325390625 0.05520833333333333 0.0234375 0.11145833333333333
4 0.29765625 0.058854166666666666 0.01953125 0.09583333333333333
4 0.5296875 0.05963541666666666 0.024218749999999956 0.08489583333333332
4 0.58359375 0.054427083333333334 0.0234375 0.09947916666666667
4 0.2390625 0.05651041666666667 0.021875000000000033 0.09739583333333333
4 0.5568359375 0.0515625 0.01992187500000009 0.10729166666666666
4 0.38046875 0.050520833333333334 0.025000000000000022 0.1125
4 0.4125 0.05416666666666666 0.024218749999999956 0.11354166666666665
4 0.4390625 0.06614583333333333 0.021093750000000022 0.08333333333333334
4 0.4658203125 0.06015625 0.019140625000000022 0.09010416666666667
5 0.5248046875000001 0.9388020833333333 0.01601562500000009 0.12239583333333326
5 0.26796875 0.9276041666666667 0.020312499999999956 0.1020833333333333
5 0.2951171875 0.9255208333333333 0.019140625000000022 0.10833333333333339
5 0.34921875 0.93671875 0.01953125 0.12031250000000004
5 0.55234375 0.928125 0.022656250000000044 0.09791666666666665
5 0.40644531250000004 0.9203125 0.016796875000000044 0.09375
5 0.6708984375 0.9330729166666667 0.018359374999999956 0.10364583333333344
5 0.32148437500000004 0.93359375 0.018750000000000044 0.11822916666666661
5 0.3755859375 0.9286458333333334 0.018359375000000067 0.10833333333333339
5 0.58203125 0.9265625 0.018750000000000044 0.09791666666666665
5 0.494140625 0.9223958333333333 0.024218749999999956 0.08437499999999987
5 0.4650390625 0.9315104166666667 0.017578125 0.10260416666666661
5 0.609375 0.9330729166666667 0.01718749999999991 0.10781250000000009
5 0.4359375 0.9348958333333334 0.02109374999999991 0.109375
5 0.63984375 0.9247395833333334 0.022656250000000044 0.08697916666666683
