7 0.61015625 0.9302083333333333 0.18593749999999987 0.06458333333333321
7 0.5921875000000001 0.7239583333333333 0.1625000000000001 0.05624999999999991
7 0.60234375 0.8614583333333334 0.1734374999999999 0.06458333333333344
7 0.6171875 0.9875 0.1875 0.025000000000000133
7 0.61640625 0.7947916666666667 0.2015625000000001 0.05624999999999991
4 0.30390625 0.11875 0.03281250000000002 0.22083333333333333
4 0.08828125 0.11145833333333334 0.03593750000000001 0.24375000000000002
4 0.2484375 0.12604166666666666 0.03437499999999999 0.20625
4 0.36171875 0.11770833333333333 0.035937499999999956 0.21875
4 0.0359375 0.13020833333333334 0.040624999999999994 0.20208333333333334
4 0.1421875 0.10312500000000001 0.040624999999999994 0.25625000000000003
4 0.19453125 0.090625 0.0390625 0.29375
