4 0.5271484375 0.11015625000000001 0.049609374999999956 0.1963541666666667
4 0.6380859375000001 0.09505208333333334 0.03867187500000013 0.22656250000000003
4 0.750390625 0.09973958333333333 0.0546875 0.2140625
4 0.6951171875 0.103125 0.053515624999999956 0.20729166666666665
4 0.807421875 0.12213541666666666 0.047656249999999956 0.15989583333333332
4 0.5841796875 0.10885416666666667 0.044921875 0.215625
4 0.8609375 0.11510416666666666 0.0546875 0.1645833333333333
4 0.1455078125 0.09765625 0.05351562500000001 0.22760416666666666
4 0.2 0.11354166666666667 0.04843750000000002 0.209375
4 0.312890625 0.1 0.04609374999999993 0.23333333333333334
4 0.478125 0.12213541666666666 0.046093750000000044 0.17864583333333334
4 0.255859375 0.11380208333333335 0.04375000000000001 0.2182291666666667
4 0.4208984375 0.09895833333333334 0.05117187499999998 0.23229166666666667
4 0.367578125 0.11692708333333333 0.05078125 0.19322916666666667
5 0.46875 0.8770833333333333 0.0546875 0.16874999999999996
5 0.63203125 0.8770833333333333 0.05312500000000009 0.17500000000000004
5 0.251171875 0.8921874999999999 0.04609374999999999 0.2124999999999999
5 0.851171875 0.9033854166666666 0.061718750000000044 0.2119791666666666
5 0.5775390625 0.9080729166666667 0.053515624999999956 0.23072916666666665
5 0.6859375000000001 0.9065104166666667 0.05703125000000009 0.24427083333333321
5 0.742578125 0.9096354166666667 0.05078125 0.22760416666666683
5 0.1953125 0.8786458333333333 0.04843750000000002 0.18125000000000013
5 0.5208984375 0.8877604166666666 0.04726562499999998 0.17760416666666656
5 0.40703125 0.9083333333333332 0.05703124999999998 0.22499999999999987
5 0.301953125 0.878125 0.05312499999999998 0.18437500000000018
5 0.79765625 0.9177083333333333 0.05234374999999991 0.23124999999999996
5 0.359765625 0.8768229166666667 0.0546875 0.1713541666666667
