6 0.05078125 0.8645833333333333 0.0890625 0.029166666666666563
6 0.056249999999999994 0.3677083333333333 0.06874999999999999 0.018749999999999933
6 0.0625 0.5604166666666667 0.0625 0.02083333333333326
6 0.053125000000000006 0.4822916666666667 0.07812500000000001 0.027083333333333348
6 0.051562500000000004 0.8260416666666667 0.09062500000000001 0.022916666666666696
6 0.0609375 0.021875 0.06562499999999999 0.02708333333333333
6 0.05234375 0.5208333333333333 0.0765625 0.02083333333333326
6 0.05078125 0.0625 0.0828125 0.024999999999999994
6 0.059375 0.17708333333333331 0.06249999999999999 0.020833333333333315
6 0.053125000000000006 0.7510416666666667 0.07812500000000001 0.03125
6 0.047656250000000004 0.09895833333333334 0.0890625 0.027083333333333348
6 0.05390625 0.33125000000000004 0.07968750000000001 0.02083333333333337
6 0.05703125 0.5958333333333333 0.07343749999999999 0.02499999999999991
6 0.065625 0.7875 0.053125000000000006 0.016666666666666607
6 0.053906249999999996 0.44375 0.08281249999999998 0.016666666666666607
6 0.0453125 0.14166666666666666 0.0875 0.024999999999999967
6 0.06015625 0.6354166666666667 0.0640625 0.02083333333333348
6 0.056249999999999994 0.7072916666666667 0.07812499999999999 0.027083333333333348
6 0.05078125 0.21354166666666669 0.0828125 0.022916666666666696
6 0.05546875 0.25104166666666666 0.07656249999999999 0.02291666666666664
6 0.05625 0.40520833333333334 0.071875 0.018750000000000044
6 0.060156249999999994 0.6697916666666667 0.07031249999999999 0.018750000000000044
6 0.06328125 0.2895833333333333 0.06093749999999999 0.02499999999999991
7 0.92890625 0.04895833333333333 0.0703125 0.035416666666666666
7 0.93203125 0.475 0.0703125 0.02499999999999991
7 0.9328125 0.5125 0.07187500000000013 0.02499999999999991
7 0.92890625 0.20520833333333333 0.07968750000000013 0.03541666666666665
7 0.92734375 0.43333333333333335 0.06718749999999996 0.02083333333333337
7 0.9320312500000001 0.7395833333333333 0.06093750000000009 0.016666666666666607
7 0.92421875 0.0875 0.06718749999999996 0.024999999999999994
7 0.92109375 0.278125 0.05156250000000018 0.027083333333333348
7 0.92890625 0.012499999999999999 0.06406250000000013 0.020833333333333332
7 0.9265625 0.6666666666666667 0.059374999999999956 0.02083333333333348
7 0.928125 0.36354166666666665 0.06562500000000004 0.018749999999999933
7 0.92578125 0.6229166666666667 0.0546875 0.02499999999999991
7 0.9171875 0.24479166666666666 0.050000000000000044 0.02291666666666664
7 0.93125 0.39479166666666665 0.07499999999999996 0.022916666666666585
7 0.92265625 0.12604166666666666 0.06406249999999991 0.02708333333333332
7 0.93359375 0.7770833333333333 0.07656250000000009 0.02083333333333326
7 0.9320312500000001 0.853125 0.06093750000000009 0.018750000000000044
7 0.9296875 0.5864583333333333 0.06875000000000009 0.022916666666666696
7 0.9265625 0.32395833333333335 0.07499999999999996 0.03125
7 0.93359375 0.8145833333333333 0.06718749999999996 0.02083333333333326
7 0.92265625 0.16666666666666669 0.05781249999999982 0.025000000000000022
7 0.925 0.553125 0.06562500000000004 0.03125
7 0.925 0.6989583333333333 0.05625000000000013 0.027083333333333348
5 0.23984375000000002 0.9833333333333334 0.017187500000000022 0.08750000000000013
5 0.35468750000000004 0.9729166666666667 0.018750000000000044 0.0625
5 0.7007812499999999 0.971875 0.01718749999999991 0.07291666666666674
5 0.584375 0.9791666666666667 0.015625 0.08750000000000013
5 0.18203124999999998 0.9760416666666667 0.017187499999999967 0.07291666666666674
5 0.26796875 0.9708333333333334 0.01718749999999991 0.06250000000000022
5 0.6695312499999999 0.9791666666666666 0.014062499999999867 0.09999999999999987
5 0.528125 0.9677083333333334 0.018749999999999822 0.06875000000000009
5 0.2109375 0.9729166666666667 0.015625 0.0708333333333333
5 0.6125 0.9802083333333333 0.015625 0.09375
5 0.46953125 0.9729166666666667 0.017187500000000022 0.06666666666666665
5 0.49765624999999997 0.9770833333333333 0.014062499999999978 0.0708333333333333
5 0.728125 0.975 0.012499999999999956 0.08333333333333326
5 0.7546875 0.9729166666666667 0.018749999999999822 0.07499999999999996
5 0.440625 0.9770833333333333 0.015625 0.09166666666666656
5 0.29765624999999996 0.9750000000000001 0.020312499999999956 0.07083333333333353
5 0.64140625 0.9822916666666667 0.014062499999999867 0.10624999999999996
5 0.15546875 0.9770833333333333 0.017187499999999967 0.07499999999999996
5 0.5546875 0.9729166666666667 0.015625 0.07499999999999996
5 0.41328125 0.971875 0.017187500000000022 0.07708333333333339
5 0.32421875 0.9770833333333333 0.014062499999999978 0.07499999999999996
5 0.78515625 0.96875 0.014062500000000089 0.06666666666666665
5 0.84375 0.9729166666666667 0.015625 0.07916666666666661
5 0.38359375 0.9697916666666667 0.017187500000000022 0.07291666666666674
5 0.81328125 0.96875 0.014062499999999867 0.06666666666666665
