6 0.1953125 0.010416666666666666 0.15625 0.020833333333333332
6 0.1703125 0.078125 0.2 0.07291666666666667
6 0.15859375 0.17395833333333333 0.22968750000000002 0.07291666666666663
5 0.6484375 0.721875 0.046875 0.2729166666666667
5 0.71953125 0.7239583333333333 0.04843749999999991 0.2604166666666665
5 0.93203125 0.7614583333333333 0.042187500000000044 0.33958333333333335
5 0.9890625 0.740625 0.018749999999999822 0.28125
5 0.578125 0.7291666666666667 0.05312500000000009 0.2958333333333334
5 0.86328125 0.7395833333333333 0.042187500000000044 0.27083333333333326
5 0.78984375 0.753125 0.04218749999999982 0.3187500000000001
