6 0.24921875000000002 0.2416666666666667 0.1609375 0.03750000000000003
6 0.25234375 0.09270833333333334 0.15781249999999997 0.03541666666666668
6 0.22578125 0.38645833333333335 0.21093749999999997 0.04375000000000007
6 0.23593750000000002 0.028125 0.19375000000000003 0.03958333333333333
6 0.22265625 0.171875 0.2265625 0.03958333333333336
6 0.221875 0.31875 0.221875 0.04583333333333328
6 0.23515625 0.45729166666666665 0.18906250000000002 0.043749999999999956
5 0.5921875000000001 0.7833333333333333 0.02187500000000009 0.23750000000000004
5 0.9195312499999999 0.7854166666666667 0.029687499999999867 0.22916666666666674
5 0.53828125 0.79375 0.020312500000000178 0.25
5 0.4875 0.8 0.021874999999999978 0.24583333333333335
5 0.75390625 0.809375 0.0234375 0.27708333333333335
5 0.7046874999999999 0.7979166666666666 0.02499999999999991 0.2666666666666666
5 0.8609374999999999 0.8010416666666667 0.02499999999999991 0.26875000000000004
5 0.64609375 0.79375 0.026562500000000044 0.25
5 0.9703125 0.8114583333333334 0.03125 0.2895833333333335
5 0.8101562499999999 0.7864583333333334 0.029687499999999867 0.21458333333333335
