4 0.3958984375 0.08932291666666667 0.04257812499999991 0.21197916666666666
4 0.5029296875 0.10598958333333333 0.04726562499999998 0.15989583333333332
4 0.44765625 0.09921875 0.04140624999999998 0.17656249999999998
4 0.557421875 0.11145833333333334 0.039843749999999956 0.16458333333333336
4 0.7201171875 0.09765625 0.049609374999999956 0.1828125
4 0.8935546875 0.07890625 0.044921875 0.21718749999999998
4 0.2806640625 0.10859375 0.044921875 0.1703125
4 0.2296875 0.11145833333333334 0.03281249999999997 0.16145833333333334
4 0.6671875 0.11171875 0.04375000000000018 0.15156250000000002
4 0.612109375 0.08489583333333332 0.04999999999999982 0.1958333333333333
4 0.7740234375 0.07578125 0.048828125 0.2265625
4 0.34140625 0.08880208333333334 0.04765625000000007 0.20989583333333334
4 0.1740234375 0.10026041666666667 0.04023437499999999 0.18697916666666667
4 0.8318359375 0.09166666666666666 0.04726562499999987 0.19479166666666664
5 0.60546875 0.89375 0.04140625000000009 0.20520833333333344
5 0.821484375 0.89765625 0.046093750000000044 0.20677083333333335
5 0.5005859375 0.8885416666666666 0.044921875 0.20520833333333321
5 0.4419921875 0.8919270833333333 0.044921875 0.2119791666666666
5 0.2818359375 0.8830729166666667 0.04257812500000002 0.19739583333333321
5 0.7140625 0.8802083333333333 0.03984375000000018 0.17499999999999982
5 0.7703125 0.8703125 0.04140624999999987 0.1552083333333334
5 0.3888671875 0.8598958333333333 0.04257812500000002 0.1479166666666667
5 0.33417968750000004 0.86484375 0.040234375000000044 0.16718750000000004
5 0.1619140625 0.8557291666666667 0.04960937500000001 0.1552083333333334
5 0.221875 0.8630208333333333 0.043749999999999956 0.16979166666666679
5 0.5513671875 0.8604166666666666 0.040234375000000044 0.1416666666666666
5 0.660546875 0.8848958333333333 0.050000000000000044 0.1875
