6 0.1640625 0.171875 0.21875 0.06874999999999998
6 0.19062500000000002 0.078125 0.16875000000000004 0.07291666666666667
6 0.16484375 0.0125 0.21718750000000003 0.025
5 0.92890625 0.7583333333333333 0.04531250000000009 0.3291666666666666
5 0.7164062499999999 0.7145833333333333 0.04531249999999987 0.23750000000000004
5 0.64453125 0.7177083333333334 0.042187500000000044 0.26041666666666674
5 0.8625 0.71875 0.04062500000000013 0.24583333333333335
5 0.78984375 0.753125 0.04843749999999991 0.30625000000000013
5 0.57578125 0.7177083333333334 0.0546875 0.2562500000000001
5 0.990625 0.7072916666666667 0.015625 0.2645833333333334
