4 0.76875 0.18229166666666666 0.09375 0.03125
4 0.35390625 0.18645833333333334 0.08906249999999993 0.03125
4 0.9117187499999999 0.18125000000000002 0.09531249999999991 0.025000000000000022
4 0.6328125 0.18020833333333336 0.09375 0.03958333333333336
4 0.4921875 0.18645833333333334 0.08437499999999998 0.022916666666666696
5 0.36171875 0.76875 0.08906249999999993 0.04583333333333339
5 0.63203125 0.7625 0.09531250000000013 0.03749999999999987
5 0.9117187499999999 0.7583333333333333 0.09531249999999991 0.04583333333333317
5 0.7703125 0.7604166666666667 0.09687499999999982 0.04166666666666674
5 0.5015625 0.759375 0.08125000000000004 0.027083333333333348
