6 0.37109375 0.571875 0.09843749999999996 0.018750000000000044
6 0.36875 0.7124999999999999 0.09375 0.029166666666666563
6 0.38359375 0.6427083333333333 0.06406250000000002 0.027083333333333348
6 0.371875 0.6072916666666667 0.08437499999999998 0.018750000000000044
6 0.3765625 0.678125 0.08125000000000004 0.027083333333333348
6 0.375 0.7479166666666666 0.08125000000000004 0.029166666666666563
4 0.82734375 0.15104166666666666 0.014062500000000089 0.10624999999999998
4 0.6429687500000001 0.14895833333333333 0.017187500000000133 0.11875
4 0.96640625 0.14270833333333333 0.010937500000000044 0.13124999999999998
4 0.91328125 0.15729166666666666 0.0234375 0.08541666666666667
4 0.98828125 0.15520833333333334 0.010937500000000044 0.08125000000000002
4 0.80390625 0.14791666666666667 0.014062500000000089 0.10833333333333334
4 0.74921875 0.15104166666666666 0.020312500000000178 0.11041666666666664
4 0.85546875 0.14479166666666665 0.020312499999999956 0.11458333333333331
4 0.8828125 0.16145833333333331 0.015625 0.08958333333333329
4 0.77578125 0.159375 0.020312499999999956 0.09791666666666665
4 0.721875 0.14166666666666666 0.012500000000000178 0.12083333333333332
4 0.67109375 0.15729166666666666 0.014062500000000089 0.08958333333333332
4 0.69375 0.15625 0.012499999999999956 0.09583333333333333
