1 0.174150 0.114078 0.040049 0.160194
1 0.229976 0.114887 0.032767 0.155340
1 0.280947 0.114887 0.044903 0.158576
1 0.341626 0.113269 0.047330 0.161812
1 0.396238 0.114078 0.042476 0.163430
1 0.447816 0.110032 0.041262 0.155340
1 0.503034 0.111650 0.047330 0.148867
1 0.557646 0.114078 0.040049 0.160194
1 0.612257 0.110841 0.049757 0.144013
1 0.667476 0.113269 0.043689 0.148867
1 0.720267 0.112460 0.049757 0.153722
1 0.774272 0.111650 0.048544 0.155340
1 0.831917 0.112460 0.047330 0.153722
1 0.893811 0.114078 0.044903 0.147249
1 0.162015 0.852751 0.049757 0.148867
1 0.222087 0.849515 0.043689 0.142395
1 0.282160 0.855178 0.042476 0.140777
1 0.334345 0.856796 0.040049 0.150485
1 0.388956 0.856796 0.042476 0.140777
1 0.442354 0.859223 0.044903 0.145631
1 0.500607 0.858414 0.044903 0.144013
1 0.551578 0.859223 0.040049 0.139159
1 0.605583 0.861650 0.041262 0.140777
1 0.660801 0.860841 0.049757 0.139159
1 0.714199 0.864887 0.040049 0.144013
1 0.770631 0.864078 0.041262 0.142395
1 0.821602 0.864078 0.046117 0.139159
0 0.873180 0.864078 0.052184 0.135922
2 0.521238 0.490291 0.855583 0.611650
3 0.541869 0.484628 0.615291 0.457929