0 0.239078 0.921251 0.023463 0.088457
1 0.268204 0.917476 0.020227 0.080906
1 0.295307 0.915318 0.019417 0.087379
1 0.321602 0.916397 0.018608 0.083064
1 0.349515 0.918554 0.019417 0.083064
1 0.375809 0.915858 0.018608 0.081985
1 0.406553 0.915858 0.01699 0.084142
1 0.436084 0.920173 0.021036 0.079827
1 0.46521 0.920173 0.017799 0.079827
1 0.494337 0.918554 0.024272 0.076591
1 0.525081 0.919094 0.016181 0.081985
1 0.552589 0.918015 0.022654 0.07767
1 0.58212 0.919633 0.018608 0.083064
1 0.609628 0.918015 0.01699 0.07767
1 0.639968 0.919633 0.022654 0.076591
1 0.671117 0.918554 0.018608 0.074434
1 0.773867 0.203883 0.052589 0.03452
1 0.770631 0.242179 0.059061 0.022654
1 0.771845 0.282093 0.056634 0.029126
1 0.772654 0.323625 0.061489 0.028047
1 0.768204 0.36192 0.057443 0.024811
1 0.772249 0.400755 0.057443 0.024811
1 0.768608 0.436893 0.055016 0.02589
1 0.771845 0.478425 0.053398 0.029126
1 0.771845 0.521036 0.048544 0.023732
1 0.770631 0.554477 0.057443 0.019417
1 0.770227 0.592233 0.056634 0.028047
1 0.769013 0.632686 0.057443 0.022654
1 0.768204 0.674757 0.062298 0.024811
1 0.767395 0.710356 0.059061 0.022654
1 0.769417 0.748652 0.063107 0.023732
1 0.767395 0.785868 0.072006 0.026969
0 0.137136 0.20712 0.072006 0.021575
1 0.129045 0.780475 0.063916 0.031284
1 0.132282 0.242718 0.072006 0.02589
1 0.133091 0.280475 0.072006 0.02589
1 0.135922 0.321467 0.069579 0.028047
1 0.133091 0.359763 0.073625 0.022654
1 0.132282 0.39644 0.076861 0.029126
1 0.133091 0.436354 0.072006 0.020496
1 0.128641 0.473571 0.071197 0.028047
1 0.132282 0.512406 0.073625 0.03452
1 0.132686 0.552859 0.080906 0.029126
1 0.133495 0.592233 0.074434 0.02589
1 0.137945 0.627832 0.065534 0.028047
1 0.134304 0.666667 0.071197 0.02589
1 0.128236 0.703883 0.073625 0.033441
1 0.132282 0.743797 0.072006 0.031284
1 0.671926 0.065264 0.018608 0.080906
1 0.645227 0.065804 0.023463 0.084142
1 0.614078 0.065264 0.017799 0.083064
1 0.583738 0.067422 0.023463 0.074434
1 0.557039 0.067422 0.020227 0.076591
1 0.529935 0.064186 0.024272 0.076591
1 0.496764 0.068501 0.022654 0.076591
1 0.466019 0.066343 0.019417 0.078749
1 0.43932 0.06904 0.021036 0.07767
1 0.412621 0.06904 0.024272 0.084142
1 0.380663 0.068501 0.025081 0.076591
1 0.353155 0.066882 0.020227 0.079827
1 0.325647 0.071197 0.023463 0.079827
1 0.297735 0.067422 0.019417 0.078749
1 0.270227 0.067422 0.024272 0.083064
1 0.239078 0.067422 0.021845 0.076591
2 0.459547 0.497843 0.574434 0.773463
3 0.650081 0.228155 0.088188 0.124056
3 0.256472 0.75027 0.105178 0.113269
