1 0.145631 0.128641 0.053398 0.166667
1 0.200243 0.134304 0.048544 0.168285
1 0.256068 0.141586 0.043689 0.16343
1 0.313107 0.131877 0.046117 0.169903
1 0.367718 0.131068 0.050971 0.165049
1 0.421117 0.133495 0.050971 0.16343
1 0.478155 0.12945 0.046117 0.165049
1 0.527306 0.128641 0.049757 0.160194
1 0.584345 0.135922 0.044903 0.161812
1 0.63835 0.124595 0.038835 0.168285
1 0.695388 0.123786 0.053398 0.166667
1 0.750607 0.125405 0.054612 0.16343
1 0.807646 0.126214 0.04733 0.152104
1 0.861044 0.125405 0.054612 0.144013
0 0.142597 0.866505 0.052184 0.153722
1 0.195388 0.868932 0.048544 0.161812
1 0.251214 0.871359 0.046117 0.169903
1 0.302184 0.87055 0.053398 0.168285
1 0.35983 0.871359 0.054612 0.160194
1 0.40716 0.875405 0.057039 0.158576
1 0.469053 0.872977 0.054612 0.160194
1 0.521238 0.875405 0.04733 0.152104
1 0.57767 0.872168 0.053398 0.158576
1 0.632282 0.872977 0.053398 0.166667
1 0.686286 0.871359 0.057039 0.173139
1 0.742718 0.872977 0.050971 0.153722
1 0.797937 0.880259 0.052184 0.15534
1 0.851335 0.878641 0.061893 0.161812
2 0.505461 0.502427 0.867718 0.616505
3 0.233617 0.498382 0.132282 0.174757
3 0.759102 0.5 0.129854 0.187702
