1 0.406553 0.425566 0.152913 0.039914
1 0.40979 0.498921 0.156149 0.052859
1 0.410599 0.571197 0.157767 0.048544
1 0.410194 0.641316 0.156958 0.044229
1 0.408981 0.712513 0.152913 0.037756
1 0.408981 0.783711 0.159385 0.050701
1 0.411812 0.854908 0.16343 0.050701
1 0.410194 0.928263 0.15534 0.046386
1 0.40979 0.990291 0.156149 0.019417
0 0.410801 0.381068 0.149272 0.043689
0 0.466626 0.157767 0.044903 0.088997
0 0.430218 0.245146 0.120146 0.082524
0 0.413228 0.309061 0.144417 0.045307
0 0.410801 0.346278 0.158981 0.022654
2 0.746966 0.5 0.506068 1.0
