1 0.037015 0.13835 0.040049 0.18932
1 0.089199 0.139159 0.035194 0.190939
1 0.142597 0.136731 0.040049 0.18932
1 0.195388 0.13835 0.038835 0.199029
1 0.248786 0.135113 0.033981 0.18932
1 0.304612 0.135113 0.033981 0.18932
1 0.362257 0.133495 0.035194 0.18932
1 0.595267 0.987864 0.14199 0.024272
1 0.594053 0.932039 0.151699 0.064725
1 0.59284 0.86246 0.151699 0.064725
1 0.59284 0.796117 0.151699 0.055016
1 0.589806 0.724919 0.15534 0.055016
0 0.589199 0.671521 0.156553 0.035599
0 0.574636 0.597896 0.125 0.046926
0 0.544903 0.498382 0.055825 0.145631
0 0.594053 0.630259 0.125 0.030744
2 0.260316 0.617314 0.518204 0.765372
