1 0.063013 0.023027 0.062547 0.026139
1 0.062547 0.06348 0.061613 0.024894
1 0.06208 0.100199 0.06068 0.026139
1 0.060213 0.141897 0.06068 0.024894
1 0.06348 0.177371 0.056012 0.02116
1 0.065347 0.214712 0.056012 0.023649
1 0.064881 0.252676 0.058813 0.022405
1 0.066748 0.29064 0.055078 0.023649
1 0.065814 0.332338 0.058813 0.022405
1 0.064881 0.368434 0.053211 0.019915
1 0.065347 0.406398 0.056012 0.018671
1 0.066281 0.444984 0.059746 0.016181
1 0.066281 0.482947 0.054145 0.027384
1 0.065347 0.521533 0.052278 0.019915
1 0.067681 0.560742 0.055078 0.02116
1 0.069081 0.597461 0.052278 0.024894
1 0.065814 0.636669 0.055078 0.02116
1 0.067681 0.671521 0.056945 0.018671
1 0.068615 0.708862 0.055078 0.026139
1 0.066281 0.752427 0.052278 0.031118
1 0.068148 0.788524 0.048544 0.016181
1 0.067681 0.82711 0.06068 0.023649
1 0.065347 0.865696 0.061613 0.028628
1 0.156367 0.9705 0.017737 0.058999
1 0.182972 0.969878 0.016804 0.060244
1 0.211445 0.969256 0.01587 0.061488
1 0.240851 0.9705 0.016804 0.058999
1 0.268391 0.9705 0.017737 0.058999
1 0.297797 0.969878 0.020538 0.060244
1 0.325336 0.9705 0.014003 0.058999
1 0.355209 0.971123 0.017737 0.057754
1 0.384615 0.967389 0.016804 0.065222
1 0.413555 0.967389 0.016804 0.065222
1 0.441561 0.966144 0.016804 0.067712
1 0.4705 0.969878 0.016804 0.060244
1 0.498973 0.971123 0.014003 0.057754
1 0.528846 0.967389 0.017737 0.065222
1 0.554985 0.968011 0.01587 0.063978
1 0.585325 0.968633 0.014937 0.062733
1 0.613331 0.967389 0.014937 0.065222
1 0.641804 0.964899 0.014003 0.070202
1 0.670276 0.965522 0.014937 0.068956
1 0.701083 0.968633 0.016804 0.062733
1 0.728622 0.967389 0.012136 0.065222
1 0.755695 0.968633 0.017737 0.062733
1 0.786034 0.968633 0.013069 0.062733
1 0.81404 0.965273 0.014937 0.058501
1 0.844847 0.966766 0.014937 0.066468
1 0.92373 0.853871 0.043876 0.019915
1 0.92373 0.815285 0.045743 0.019915
1 0.922797 0.778566 0.053211 0.02116
1 0.924664 0.740602 0.045743 0.017426
1 0.92093 0.700149 0.04761 0.026139
1 0.923264 0.667165 0.052278 0.019915
1 0.921863 0.624844 0.045743 0.024894
1 0.920463 0.587503 0.048544 0.024894
1 0.916729 0.553896 0.046677 0.032362
1 0.921863 0.514065 0.04761 0.024894
1 0.921397 0.476102 0.046677 0.023649
1 0.918596 0.435026 0.046677 0.02116
1 0.919996 0.395195 0.049477 0.023649
1 0.921397 0.3647 0.050411 0.017426
1 0.917196 0.324869 0.055078 0.029873
1 0.920463 0.278815 0.048544 0.027384
1 0.917196 0.245208 0.04761 0.022405
1 0.917196 0.206 0.053211 0.036097
1 0.918129 0.167413 0.04761 0.026139
1 0.917476 0.127023 0.050971 0.027508
1 0.917476 0.088997 0.050971 0.02589
1 0.92233 0.050162 0.055825 0.035599
1 0.92233 0.013754 0.048544 0.021036
2 0.496359 0.475728 0.803398 0.951456
3 0.473301 0.398867 0.514563 0.564725
