1 0.256068 0.458738 0.148058 0.043689
1 0.257888 0.38754 0.149272 0.043689
1 0.256675 0.319579 0.154126 0.046926
1 0.256675 0.243528 0.146845 0.037217
1 0.259709 0.173139 0.15534 0.038835
1 0.258495 0.093851 0.148058 0.035599
1 0.258495 0.029126 0.150485 0.038835
1 0.487864 0.771845 0.021845 0.187702
1 0.539442 0.759709 0.020631 0.179612
1 0.59284 0.76699 0.023058 0.200647
1 0.646845 0.761327 0.026699 0.182848
1 0.705097 0.763754 0.024272 0.197411
1 0.754854 0.765372 0.024272 0.187702
1 0.81068 0.770227 0.029126 0.18123
1 0.862257 0.764563 0.025485 0.192557
1 0.92051 0.762945 0.03034 0.182848
1 0.970874 0.765372 0.031553 0.194175
2 0.676578 0.330906 0.646844 0.661812
