1 0.18932 0.079288 0.165049 0.071197
1 0.194782 0.174757 0.158981 0.074434
1 0.205097 0.010518 0.13835 0.021036
1 0.578883 0.70712 0.053398 0.249191
1 0.649272 0.703883 0.046117 0.236246
1 0.71966 0.71521 0.048544 0.242718
1 0.790655 0.714401 0.042476 0.2411
1 0.864684 0.727346 0.042476 0.244337
1 0.932646 0.719256 0.042476 0.254045
1 0.990291 0.720874 0.019417 0.237864
0 0.20267 0.266181 0.133495 0.072816
0 0.205097 0.350324 0.123786 0.076052
0 0.451456 0.660194 0.07767 0.148867
0 0.503641 0.66343 0.053398 0.148867
2 0.631675 0.312298 0.73665 0.624595
