0 0.480583 0.175566 0.019417 0.066343
0 0.507888 0.175566 0.023058 0.066343
0 0.538835 0.174757 0.026699 0.067961
0 0.5625 0.174757 0.018204 0.061489
0 0.587379 0.175566 0.029126 0.066343
0 0.620752 0.164239 0.023058 0.082524
0 0.945388 0.17233 0.024272 0.063107
0 0.404733 0.295307 0.032767 0.027508
0 0.404733 0.334951 0.027913 0.02589
0 0.402306 0.371359 0.032767 0.027508
0 0.399272 0.407767 0.041262 0.029126
0 0.396845 0.442557 0.046117 0.024272
0 0.394417 0.477346 0.048544 0.019417
0 0.392597 0.514563 0.054612 0.02589
0 0.389563 0.543689 0.050971 0.02589
0 0.388956 0.961165 0.042476 0.032362
0 0.392597 0.782362 0.04733 0.027508
0 0.381675 0.857605 0.061893 0.02589
0 0.387136 0.819579 0.058252 0.040453
1 0.644417 0.164239 0.01699 0.088997
1 0.67233 0.161812 0.014563 0.084142
1 0.694175 0.160194 0.012136 0.090615
1 0.722694 0.157767 0.01335 0.088997
1 0.75 0.164239 0.019417 0.085761
1 0.776699 0.165858 0.019417 0.088997
1 0.804612 0.162621 0.014563 0.079288
1 0.828277 0.165858 0.01335 0.079288
1 0.856189 0.161003 0.020631 0.082524
1 0.884102 0.166667 0.015777 0.080906
1 0.914442 0.159385 0.023058 0.082524
1 0.967233 0.165049 0.012136 0.087379
1 0.988471 0.160194 0.010922 0.074434
1 0.386565 0.74862 0.06068 0.029507
1 0.384423 0.713402 0.063535 0.027603
1 0.38835 0.679136 0.058538 0.0257
1 0.387636 0.643442 0.058538 0.026651
1 0.386922 0.6087 0.05711 0.019989
1 0.38835 0.57253 0.064249 0.019989
2 0.706311 0.597087 0.587378 0.805825
