1 0.267597 0.891586 0.03034 0.100324
1 0.304915 0.890979 0.031857 0.107201
1 0.343219 0.89199 0.029581 0.097087
1 0.380385 0.894013 0.029581 0.097087
1 0.455097 0.89553 0.027306 0.098099
1 0.489988 0.895024 0.028823 0.09911
1 0.527154 0.89199 0.031857 0.09911
1 0.565079 0.898058 0.028823 0.09911
1 0.603383 0.894519 0.028064 0.098099
1 0.641308 0.896541 0.032615 0.098099
1 0.678853 0.898058 0.027306 0.101133
1 0.774803 0.773159 0.076608 0.04551
1 0.774803 0.715514 0.075091 0.043487
1 0.779354 0.620955 0.079642 0.042476
1 0.783146 0.565332 0.076608 0.050566
1 0.782388 0.516282 0.076608 0.041464
1 0.782008 0.470267 0.078883 0.044498
1 0.785801 0.417172 0.086468 0.047532
1 0.782008 0.363572 0.081917 0.039442
1 0.780112 0.318062 0.075091 0.039442
1 0.786939 0.269519 0.078125 0.041464
1 0.785422 0.217941 0.078125 0.049555
1 0.169903 0.76254 0.069782 0.044498
1 0.170661 0.66343 0.074333 0.042476
1 0.171041 0.612358 0.067506 0.039442
1 0.172937 0.561792 0.066748 0.04551
1 0.174454 0.458637 0.069782 0.041464
1 0.17142 0.41161 0.066748 0.042476
1 0.174454 0.311489 0.071299 0.040453
1 0.17142 0.261934 0.07585 0.042476
1 0.176729 0.213896 0.0804 0.043487
1 0.273058 0.084446 0.024272 0.104167
1 0.345874 0.085457 0.025789 0.098099
1 0.421723 0.091019 0.031857 0.091019
1 0.460407 0.086974 0.024272 0.086974
1 0.498331 0.08748 0.028823 0.092031
1 0.536256 0.08394 0.022755 0.082929
1 0.571905 0.086974 0.025789 0.093042
1 0.611347 0.08748 0.024272 0.092031
1 0.645859 0.090008 0.029581 0.09911
0 0.1650390625 0.5130208333333334 0.07773437500000002 0.04375000000000007
0 0.417578125 0.9161458333333333 0.02734375 0.1416666666666666
0 0.7830078125 0.6666666666666667 0.08867187499999996 0.04791666666666683
0 0.684375 0.0859375 0.029687499999999867 0.10625
0 0.310546875 0.07500000000000001 0.026562500000000044 0.12500000000000003
0 0.1626953125 0.7151041666666667 0.083984375 0.04166666666666674
0 0.169921875 0.36328125 0.07109375000000001 0.047395833333333304
0 0.38359375 0.07395833333333333 0.02734375 0.12291666666666667
2 0.472694 0.490291 0.53034 0.718447
3 0.471481 0.488673 0.440534 0.61165
