0 0.783203125 0.24192708333333335 0.08437500000000009 0.022395833333333337
0 0.4359375 0.9380208333333333 0.02109374999999991 0.11562499999999987
0 0.774609375 0.43645833333333334 0.06718750000000018 0.02604166666666663
0 0.1181640625 0.24244791666666665 0.099609375 0.025520833333333326
0 0.773046875 0.4005208333333333 0.059374999999999956 0.025000000000000022
0 0.1275390625 0.47343749999999996 0.07304687499999998 0.028124999999999956
0 0.34921875 0.9192708333333334 0.01953125 0.0854166666666667
0 0.6138671875 0.06432291666666666 0.017578125 0.08489583333333332
0 0.494140625 0.9203125000000001 0.024218749999999956 0.08020833333333344
0 0.7845703125 0.478125 0.07929687500000004 0.029166666666666674
0 0.38046875 0.06744791666666666 0.025000000000000022 0.07864583333333333
0 0.609375 0.9315104166666667 0.01718749999999991 0.10468750000000004
0 0.5248046875000001 0.9364583333333334 0.01601562500000009 0.11770833333333353
0 0.1107421875 0.7036458333333333 0.10820312500000001 0.033333333333333215
0 0.7757812500000001 0.36171875 0.07265625000000009 0.024479166666666607
0 0.5296875 0.0625 0.024218749999999956 0.07916666666666666
0 0.32148437500000004 0.9320312500000001 0.018750000000000044 0.11510416666666679
0 0.1267578125 0.43619791666666663 0.08398437500000003 0.020312499999999956
0 0.1259765625 0.3963541666666667 0.089453125 0.029166666666666674
0 0.26796875 0.93125 0.020312499999999956 0.109375
0 0.11875000000000001 0.32135416666666666 0.10390625 0.028124999999999956
0 0.4390625 0.059375000000000004 0.021093750000000022 0.09687500000000002
0 0.58203125 0.9205729166666666 0.018750000000000044 0.0859375
0 0.1306640625 0.28020833333333334 0.07617187500000003 0.02604166666666663
0 0.5568359375 0.06458333333333334 0.01992187500000009 0.08125000000000002
0 0.496484375 0.0546875 0.022656249999999933 0.10416666666666667
0 0.6716796875 0.052083333333333336 0.018359374999999956 0.10625000000000001
0 0.7822265625 0.6744791666666667 0.09101562500000004 0.025000000000000133
0 0.2390625 0.06380208333333333 0.021875000000000033 0.08281249999999998
0 0.4658203125 0.048177083333333336 0.019140625000000022 0.11406250000000001
0 0.2951171875 0.9351562499999999 0.019140625000000022 0.12760416666666652
0 0.128125 0.359375 0.08281249999999998 0.022916666666666696
0 0.325390625 0.05807291666666666 0.0234375 0.10572916666666665
0 0.778125 0.5921875 0.07265624999999987 0.028124999999999956
0 0.780078125 0.2817708333333333 0.07343749999999982 0.029166666666666563
0 0.40644531250000004 0.9177083333333333 0.016796875000000044 0.08854166666666674
0 0.4650390625 0.9338541666666667 0.017578125 0.10729166666666656
0 0.782421875 0.5541666666666667 0.08125000000000004 0.019791666666666652
0 0.644921875 0.06197916666666667 0.0234375 0.09166666666666667
0 0.55234375 0.9299479166666667 0.022656250000000044 0.1015625
0 0.1193359375 0.74375 0.097265625 0.03125
0 0.1154296875 0.7802083333333333 0.09101562500000002 0.03125
0 0.12265625 0.5526041666666666 0.10078124999999999 0.029166666666666563
0 0.7767578125000001 0.32343750000000004 0.06992187500000013 0.028125000000000067
0 0.116796875 0.6664062500000001 0.10546875 0.025520833333333437
0 0.1357421875 0.6276041666666667 0.069921875 0.028125000000000178
0 0.7712890625 0.6325520833333333 0.06210937499999991 0.022395833333333393
0 0.58359375 0.0484375 0.0234375 0.11145833333333334
0 0.3755859375 0.9291666666666667 0.018359375000000067 0.109375
0 0.7708984375000001 0.7484375 0.06679687500000009 0.023958333333333304
0 0.77421875 0.7854166666666667 0.0859375 0.027083333333333348
0 0.29765625 0.06328125 0.01953125 0.08697916666666666
0 0.13203125 0.5919270833333334 0.07734374999999999 0.025520833333333437
0 0.6708984375 0.9369791666666667 0.018359374999999956 0.11145833333333344
0 0.3529296875 0.052343749999999994 0.019921874999999978 0.10885416666666665
0 0.7853515625 0.20364583333333333 0.076171875 0.03437499999999999
0 0.1267578125 0.5119791666666667 0.08398437500000003 0.03437499999999993
0 0.63984375 0.9333333333333333 0.022656250000000044 0.10416666666666674
0 0.269921875 0.04869791666666667 0.024218749999999956 0.1203125
0 0.4125 0.058854166666666666 0.024218749999999956 0.10416666666666666
0 0.7716796875 0.71015625 0.068359375 0.022395833333333393
0 0.7720703125 0.5208333333333334 0.049609374999999956 0.023958333333333304
2 0.459547 0.497843 0.574434 0.773463
3 0.650081 0.228155 0.088188 0.124056
3 0.256472 0.75027 0.105178 0.113269
