0 0.734375 0.8975109809663251 0.1015625 0.11127379209370436
0 0.72314453125 0.10688140556368961 0.1162109375 0.21669106881405564
0 0.40625 0.10029282576866765 0.140625 0.21522693997071743
0 0.25439453125 0.8887262079062958 0.1044921875 0.09370424597364568
0 0.4130859375 0.8909224011713031 0.12109375 0.10688140556368952
0 0.583984375 0.9033674963396779 0.134765625 0.1171303074670571
0 0.57958984375 0.10029282576866765 0.1279296875 0.21815519765739386
0 0.24658203125 0.10980966325036604 0.1005859375 0.19326500732064422
2 0.501214 0.520924 0.652913 0.682312
3 0.494539 0.545487 0.396845 0.458514
