1 0.544296 0.406958 0.253641 0.066343
0 0.51875 0.28854166666666664 0.3031250000000001 0.08541666666666664
0 0.54375 0.765625 0.2593749999999999 0.0854166666666667
0 0.4859375 0.653125 0.37187500000000007 0.07708333333333317
0 0.48359375 0.8927083333333333 0.38593749999999993 0.0854166666666667
0 0.51953125 0.9833333333333334 0.31718749999999996 0.03333333333333344
0 0.48046875 0.046875 0.38593750000000004 0.08958333333333333
0 0.534375 0.15833333333333333 0.2656250000000001 0.07083333333333333
0 0.5265625 0.5302083333333333 0.29375000000000007 0.08124999999999993
2 0.82949 0.5 0.341019 1.0
