1 0.145631 0.128641 0.053398 0.166667
1 0.200243 0.134304 0.048544 0.168285
1 0.256068 0.141586 0.043689 0.16343
1 0.367718 0.131068 0.050971 0.165049
1 0.478155 0.12945 0.046117 0.165049
1 0.527306 0.128641 0.049757 0.160194
1 0.63835 0.124595 0.038835 0.168285
1 0.695388 0.123786 0.053398 0.166667
1 0.750607 0.125405 0.054612 0.16343
1 0.861044 0.125405 0.054612 0.144013
1 0.195388 0.868932 0.048544 0.161812
1 0.251214 0.871359 0.046117 0.169903
1 0.302184 0.87055 0.053398 0.168285
1 0.35983 0.871359 0.054612 0.160194
1 0.40716 0.875405 0.057039 0.158576
1 0.521238 0.875405 0.04733 0.152104
1 0.57767 0.872168 0.053398 0.158576
1 0.632282 0.872977 0.053398 0.166667
1 0.686286 0.871359 0.057039 0.173139
1 0.742718 0.872977 0.050971 0.153722
0 0.807421875 0.11223958333333334 0.047656249999999956 0.1796875
0 0.4208984375 0.09583333333333334 0.05117187499999998 0.23854166666666668
0 0.46875 0.8794270833333333 0.0546875 0.1734374999999999
0 0.79765625 0.8861979166666667 0.05234374999999991 0.16822916666666665
0 0.312890625 0.09947916666666667 0.04609374999999993 0.234375
0 0.851171875 0.8783854166666667 0.061718750000000044 0.16197916666666679
0 0.5841796875 0.11614583333333334 0.044921875 0.20104166666666667
2 0.505461 0.502427 0.867718 0.616505
3 0.233617 0.498382 0.132282 0.174757
3 0.759102 0.5 0.129854 0.187702
