1 0.142597 0.136731 0.040049 0.18932
1 0.595267 0.987864 0.14199 0.024272
1 0.589806 0.724919 0.15534 0.055016
0 0.0359375 0.04062500000000001 0.040624999999999994 0.38125
0 0.6515625 0.8614583333333334 0.2718750000000001 0.06458333333333344
0 0.19453125 0.06354166666666666 0.0390625 0.34791666666666665
0 0.61015625 0.7947916666666667 0.1890624999999999 0.05624999999999991
0 0.08828125 0.06979166666666667 0.03593750000000001 0.32708333333333334
0 0.2484375 0.09999999999999999 0.03437499999999999 0.2583333333333333
0 0.30390625 0.11979166666666666 0.03281250000000002 0.21874999999999997
0 0.36171875 0.11979166666666667 0.035937499999999956 0.21458333333333335
0 0.60546875 0.9302083333333333 0.17656249999999996 0.06458333333333321
2 0.260316 0.617314 0.518204 0.765372
