0 0.9281250000000001 0.7395833333333333 0.05312500000000009 0.016666666666666607
0 0.6695312499999999 0.978125 0.014062499999999867 0.09791666666666665
0 0.05390625 0.021875 0.07968750000000001 0.02708333333333333
0 0.060156249999999994 0.7072916666666667 0.07031249999999999 0.027083333333333348
0 0.921875 0.36354166666666665 0.05312500000000009 0.018749999999999933
0 0.38359375 0.9791666666666666 0.017187500000000022 0.09166666666666656
0 0.05859375 0.7875 0.0671875 0.016666666666666607
0 0.2109375 0.9802083333333333 0.015625 0.0854166666666667
0 0.051562500000000004 0.0625 0.08125000000000002 0.024999999999999994
0 0.053906249999999996 0.6697916666666667 0.08281249999999998 0.018750000000000044
0 0.92265625 0.7770833333333333 0.0546875 0.02083333333333326
0 0.059375 0.2895833333333333 0.06874999999999999 0.02499999999999991
0 0.46953125 0.9833333333333334 0.017187500000000022 0.08750000000000013
0 0.7007812499999999 0.9729166666666667 0.01718749999999991 0.07499999999999996
0 0.18203124999999998 0.98125 0.017187499999999967 0.08333333333333326
0 0.06015625 0.40520833333333334 0.0640625 0.018750000000000044
0 0.060156249999999994 0.17708333333333331 0.06093749999999999 0.020833333333333315
0 0.92734375 0.0875 0.07343750000000004 0.024999999999999994
0 0.26796875 0.9708333333333334 0.01718749999999991 0.06250000000000022
0 0.64140625 0.9666666666666667 0.014062499999999867 0.07499999999999996
0 0.05 0.25104166666666666 0.08750000000000001 0.02291666666666664
0 0.0609375 0.5958333333333333 0.06562499999999999 0.02499999999999991
0 0.06328125000000001 0.6354166666666667 0.05781250000000002 0.02083333333333348
0 0.925 0.39479166666666665 0.0625 0.022916666666666585
0 0.060156249999999994 0.5208333333333333 0.06093749999999999 0.02083333333333326
0 0.053125000000000006 0.7510416666666667 0.07812500000000001 0.03125
0 0.528125 0.9739583333333334 0.018749999999999822 0.08125000000000004
0 0.05390625 0.09895833333333334 0.0765625 0.027083333333333348
0 0.29765624999999996 0.9833333333333334 0.020312499999999956 0.08750000000000013
0 0.584375 0.9791666666666667 0.015625 0.08750000000000013
0 0.9281250000000001 0.43333333333333335 0.06875000000000009 0.02083333333333337
0 0.928125 0.6229166666666667 0.059374999999999956 0.02499999999999991
0 0.84375 0.98125 0.015625 0.09583333333333321
0 0.05859375 0.14166666666666666 0.0609375 0.024999999999999967
0 0.35468750000000004 0.9739583333333334 0.018750000000000044 0.06458333333333344
0 0.728125 0.9760416666666667 0.012499999999999956 0.0854166666666667
0 0.32421875 0.9760416666666667 0.014062499999999978 0.07291666666666674
0 0.9242187500000001 0.8145833333333333 0.04843750000000013 0.02083333333333326
0 0.06328125 0.33125000000000004 0.06093749999999999 0.02083333333333337
0 0.23984375000000002 0.9781249999999999 0.017187500000000022 0.07708333333333317
0 0.9171875 0.32395833333333335 0.05625000000000013 0.03125
0 0.9312499999999999 0.278125 0.07187499999999991 0.027083333333333348
0 0.92265625 0.16666666666666669 0.05781249999999982 0.025000000000000022
0 0.9328125 0.5125 0.07187500000000013 0.02499999999999991
0 0.06171875 0.21354166666666669 0.060937500000000006 0.022916666666666696
0 0.0640625 0.5604166666666667 0.05937499999999998 0.02083333333333326
0 0.060156249999999994 0.8645833333333333 0.07031249999999999 0.029166666666666563
0 0.5546875 0.9802083333333333 0.015625 0.08958333333333335
0 0.91875 0.12604166666666666 0.05624999999999991 0.02708333333333332
0 0.81328125 0.971875 0.014062499999999867 0.07291666666666674
0 0.92734375 0.24479166666666666 0.0703125 0.02291666666666664
0 0.440625 0.9666666666666668 0.015625 0.07083333333333353
0 0.41328125 0.96875 0.017187500000000022 0.0708333333333333
0 0.9273437499999999 0.5864583333333333 0.06406249999999991 0.022916666666666696
0 0.78515625 0.9791666666666667 0.014062500000000089 0.08750000000000013
0 0.93046875 0.6666666666666667 0.06718749999999996 0.02083333333333348
0 0.7546875 0.9781249999999999 0.018749999999999822 0.08541666666666647
0 0.9265625 0.475 0.059374999999999956 0.02499999999999991
0 0.05859375 0.8260416666666667 0.0765625 0.022916666666666696
0 0.9281250000000001 0.853125 0.05312500000000009 0.018750000000000044
0 0.49765624999999997 0.9822916666666667 0.014062499999999978 0.08125000000000004
0 0.15546875 0.9802083333333333 0.017187499999999967 0.08125000000000004
0 0.9273437499999999 0.6989583333333333 0.06093749999999987 0.027083333333333348
0 0.0578125 0.4822916666666667 0.06875 0.027083333333333348
0 0.92890625 0.04895833333333333 0.0703125 0.035416666666666666
0 0.921875 0.20520833333333333 0.06562500000000004 0.03541666666666665
0 0.0609375 0.3677083333333333 0.059375 0.018749999999999933
0 0.9265625 0.553125 0.06874999999999987 0.03125
0 0.6125 0.975 0.015625 0.08333333333333326
0 0.05703125 0.44375 0.0765625 0.016666666666666607
0 0.92890625 0.012499999999999999 0.06406250000000013 0.020833333333333332
2 0.496359 0.475728 0.803398 0.951456
3 0.473301 0.398867 0.514563 0.564725
