0 0.40859375 0.4979166666666667 0.1578124999999999 0.054166666666666696
0 0.39296875 0.9270833333333333 0.1890624999999999 0.04583333333333317
0 0.37187499999999996 0.7833333333333333 0.23124999999999996 0.050000000000000044
0 0.37968749999999996 0.640625 0.21562499999999996 0.043749999999999956
0 0.38515625 0.9885416666666667 0.2046874999999999 0.018750000000000044
0 0.4015625 0.7114583333333333 0.16562500000000002 0.039583333333333304
0 0.40078125 0.8541666666666667 0.18281249999999993 0.050000000000000044
0 0.38593750000000004 0.5697916666666667 0.20625000000000004 0.04791666666666683
0 0.3890625 0.4239583333333333 0.1875 0.039583333333333304
2 0.746966 0.5 0.506068 1.0
