1 0.256068 0.458738 0.148058 0.043689
1 0.257888 0.38754 0.149272 0.043689
1 0.259709 0.173139 0.15534 0.038835
1 0.258495 0.093851 0.148058 0.035599
1 0.539442 0.759709 0.020631 0.179612
1 0.646845 0.761327 0.026699 0.182848
1 0.81068 0.770227 0.029126 0.18123
1 0.970874 0.765372 0.031553 0.194175
0 0.18359375 0.028125 0.2984375 0.03958333333333333
0 0.8609374999999999 0.828125 0.02499999999999991 0.32291666666666674
0 0.5921875000000001 0.7895833333333333 0.02187500000000009 0.25
0 0.4875 0.8322916666666667 0.021874999999999978 0.31041666666666656
0 0.17890625000000002 0.2416666666666667 0.3015625 0.03750000000000003
0 0.9195312499999999 0.834375 0.029687499999999867 0.3270833333333334
0 0.7046874999999999 0.7989583333333333 0.02499999999999991 0.26875000000000004
0 0.75390625 0.8479166666666667 0.0234375 0.35416666666666674
0 0.2171875 0.31875 0.23125 0.04583333333333328
2 0.676578 0.330906 0.646844 0.661812
