0 0.578125 0.75 0.05312500000000009 0.3374999999999999
0 0.19140625 0.17395833333333333 0.1640625 0.07291666666666663
0 0.6484375 0.759375 0.046875 0.34791666666666665
0 0.71953125 0.7625 0.04843749999999991 0.3374999999999999
0 0.18125000000000002 0.078125 0.17812500000000003 0.07291666666666667
0 0.9890625 0.746875 0.018749999999999822 0.29374999999999996
0 0.78984375 0.7208333333333333 0.04218749999999982 0.25416666666666665
0 0.86328125 0.7791666666666667 0.042187500000000044 0.3500000000000001
0 0.93203125 0.7635416666666667 0.042187500000000044 0.34375
0 0.2015625 0.010416666666666666 0.14375 0.020833333333333332
2 0.631675 0.312298 0.73665 0.624595
