1 0.17415 0.114078 0.040049 0.160194
1 0.341626 0.113269 0.04733 0.161812
1 0.396238 0.114078 0.042476 0.16343
1 0.447816 0.110032 0.041262 0.15534
1 0.503034 0.11165 0.04733 0.148867
1 0.720267 0.11246 0.049757 0.153722
1 0.774272 0.11165 0.048544 0.15534
1 0.831917 0.11246 0.04733 0.153722
1 0.222087 0.849515 0.043689 0.142395
1 0.28216 0.855178 0.042476 0.140777
1 0.334345 0.856796 0.040049 0.150485
1 0.500607 0.858414 0.044903 0.144013
1 0.551578 0.859223 0.040049 0.139159
1 0.605583 0.86165 0.041262 0.140777
1 0.660801 0.860841 0.049757 0.139159
1 0.714199 0.864887 0.040049 0.144013
1 0.821602 0.864078 0.046117 0.139159
0 0.3888671875 0.8796875 0.04257812500000002 0.1875
0 0.557421875 0.09479166666666666 0.039843749999999956 0.19791666666666666
0 0.8935546875 0.08307291666666666 0.044921875 0.20885416666666667
0 0.7703125 0.89453125 0.04140624999999987 0.2036458333333333
0 0.612109375 0.103125 0.04999999999999982 0.159375
0 0.6671875 0.11171875 0.04375000000000018 0.15156250000000002
0 0.2296875 0.08307291666666668 0.03281249999999997 0.2182291666666667
0 0.1619140625 0.8893229166666666 0.04960937500000001 0.22239583333333335
0 0.2806640625 0.09453125 0.044921875 0.1984375
0 0.4419921875 0.8690104166666666 0.044921875 0.16614583333333321
2 0.521238 0.490291 0.855583 0.61165
3 0.541869 0.484628 0.615291 0.457929
