1 0.644417 0.164239 0.01699 0.088997
1 0.67233 0.161812 0.014563 0.084142
1 0.694175 0.160194 0.012136 0.090615
1 0.722694 0.157767 0.01335 0.088997
1 0.776699 0.165858 0.019417 0.088997
1 0.828277 0.165858 0.01335 0.079288
1 0.856189 0.161003 0.020631 0.082524
1 0.884102 0.166667 0.015777 0.080906
1 0.914442 0.159385 0.023058 0.082524
1 0.967233 0.165049 0.012136 0.087379
1 0.988471 0.160194 0.010922 0.074434
1 0.386565 0.74862 0.06068 0.029507
1 0.384423 0.713402 0.063535 0.027603
1 0.38835 0.679136 0.058538 0.0257
1 0.387636 0.643442 0.058538 0.026651
1 0.38835 0.57253 0.064249 0.019989
0 0.74921875 0.10520833333333333 0.020312500000000178 0.20208333333333334
0 0.36953125 0.6072916666666667 0.08906249999999993 0.018750000000000044
0 0.80390625 0.15104166666666669 0.014062500000000089 0.10208333333333336
2 0.706311 0.597087 0.587378 0.805825
