0 0.84296875 0.4927083333333333 0.0546875 0.21041666666666659
0 0.049218750000000006 0.4875 0.06406250000000001 0.22916666666666663
0 0.27890625 0.4989583333333333 0.057812500000000044 0.20624999999999993
0 0.5 0.503125 0.05625000000000002 0.1937500000000001
0 0.3921875 0.5177083333333333 0.06562500000000004 0.15625
0 0.95625 0.5125 0.05625000000000013 0.16666666666666663
0 0.734375 0.5229166666666667 0.05624999999999991 0.14166666666666672
0 0.621875 0.5260416666666666 0.059374999999999956 0.14374999999999993
0 0.15781250000000002 0.5125 0.05625000000000002 0.17499999999999993
2 0.5 0.792071 1.0 0.412621
