0 0.92890625 0.7635416666666667 0.04531250000000009 0.33958333333333335
0 0.7164062499999999 0.715625 0.04531249999999987 0.23958333333333326
0 0.990625 0.7229166666666667 0.015625 0.2958333333333334
0 0.57578125 0.7583333333333333 0.0546875 0.3374999999999999
0 0.146875 0.171875 0.253125 0.06874999999999998
0 0.64453125 0.7520833333333333 0.042187500000000044 0.3291666666666666
0 0.16718750000000002 0.078125 0.21562500000000004 0.07291666666666667
0 0.8625 0.7677083333333333 0.04062500000000013 0.34375
0 0.18125 0.0125 0.18437499999999998 0.025
0 0.78984375 0.7427083333333333 0.04843749999999991 0.28541666666666665
2 0.635922 0.302589 0.728155 0.605178
