1 0.912015 0.186084 0.095874 0.019417
1 0.771238 0.758091 0.095874 0.033981
0 0.54140625 0.7583333333333333 0.16093749999999996 0.02499999999999991
0 0.94609375 0.7552083333333334 0.1640625 0.039583333333333304
0 0.69609375 0.18645833333333334 0.2203124999999999 0.027083333333333348
0 0.78125 0.1875 0.11874999999999991 0.020833333333333315
0 0.70625 0.7583333333333333 0.24375000000000013 0.029166666666666563
0 0.3875 0.190625 0.15625 0.02291666666666664
0 0.428125 0.7614583333333333 0.22187499999999993 0.03125
0 0.5515625 0.1875 0.2031249999999999 0.020833333333333315
2 0.57949 0.472492 0.841019 0.537217
3 0.316141 0.46521 0.098301 0.18932
3 0.700243 0.470065 0.599514 0.367314
